0 28 121 191
2 124
3 19 23 150 191
4 58 105 182
5 88 173
6 28
8 77
9 56 79 87 144
10 28
11 38 86
12 87
13 19 70 79 86
14 87
15 79 86
16 82
17 63 140 161
18 28
20 82
22 28 158 191
23 191
24 86 87 186
25 87
26 28 87
27 31 56 173
29 53 87
30 53 86
31 105
32 42 63 140 161
33 87
34 53 86
35 28 56 87
36 28 87
37 28 53 87
38 79
39 53
41 82
42 5
43 87 182 191
44 82
45 53 56
47 56 173 186
48 53 87
50 87
51 87
52 87
53 182
54 42 63 161
55 87
57 121
60 53 87
61 79 87
62 28
63 77
64 5
65 77
66 28
67 63 161
68 46 87 123
69 87
70 53 56
71 79
72 182
73 19 28 33 35 70 87 88 108 134 150 180 181 191
74 56 74 79 87
75 121 182
76 28 105
77 56 70 79
78 79 87
79 56
80 28 58 86 182
81 77
82 56 79
83 87
84 105 121
86 56 79 87
89 56 87
90 56 87
91 53 56 64 82 87
92 87 109
93 28
94 86 87
95 5
96 7 10 22 26 56 67 83 87 92 93 145 157 166 176
97 53 87 106
98 105
99 87
100 82
101 53
102 79
103 28 87
104 28 56 82 87
105 82
106 0 1 2 6 13 15 18 20 21 29 36 37 39 41 43 45 48 51 54 55 67 68 69 71 72 76 92 93 94 107 112 113 115 116 122 126 136 139 143 146 147 148 149 153 154 155 159 162 163 170 171 177 179
107 87
108 134
109 82
110 87 144
111 42 63 79 87 140 161
112 53 79 87 186
113 105 121 191
114 77
115 87
116 87
117 77
118 28 87 191
119 87
120 58 121 182
121 121
122 56 87
123 87
124 87
125 86 87
126 77
127 42
129 28
130 77
131 28 56 87
132 95
133 28
134 28 121
135 56 87 186
136 28
137 79
138 79
140 77
141 87
142 28
143 42 63 140 161
144 58 182
145 58 121
147 79 87
148 121
149 56 87
150 58 182
152 11 46 53 87 150 156 180 191
153 53 79 87 106
154 53 87
155 28 56 87 106 191
156 58 105
157 28 53 56
158 58 105 121
159 134
160 77
161 53
162 87
163 58 121 182
164 87
165 58 105 182
166 182
167 56 87
168 82
169 19 28 53 56 85 145
170 0 1 2 4 6 15 18 20 21 22 24 28 29 36 37 39 41 45 48 54 55 60 65 67 68 71 76 79 91 94 99 104 107 112 113 115 116 126 127 136 139 142 143 146 147 149 153 154 155 159 162 163 164 170 172 175 177
172 42 63 161
173 19 28 70
174 158 191
175 140
177 28 117 191
178 77
179 42 63 87 140 161
180 9 19 141 158
182 87
183 28 56 87
184 5
185 82
186 53 56 82 87 88 129 134
187 58 105
189 87
190 87 95
191 28 87
192 77
193 58 121
194 28 87 95
195 58 121 182
196 87
198 16 53
199 53 87
200 28 56
201 0 1 2 4 6 15 18 21 24 29 34 36 37 41 43 48 51 54 55 60 65 68 69 71 72 76 91 92 94 99 104 107 112 116 122 126 127 133 136 139 142 143 147 148 153 155 159 162 163 164 172 175 177 179
202 28 87
203 87
204 28 44 88 106 119
205 56 87
206 87
207 28
208 28 87
210 79
211 79
212 58 86 105 191
213 28 87 144
214 58 121
215 87
216 87
217 28
218 87
219 158
220 77
221 86 87
222 140
223 28 56 87
224 53 87
225 82
226 28 182
227 87
228 42 63 140 161
229 79 87
230 28 58 86 121 191
231 28 79
232 58
234 58 121 182
235 56 87
236 14 19 25 27 28 30 38 58 70 78 85 87 88 98 118 119 134 141 144 145 150 151 156 181 188 191
237 56 87
238 79 87
240 77
241 28 38 40 56 70 85 87 88 90 103 119 134 145 150 160 166
242 77
244 86 182
245 87 191
246 87
247 42 161
248 87
249 86 87
250 77
251 77
252 28 38 40 87 118 124 144 158 165 181 191
253 121 182
254 28
255 56
257 58 86 121
258 87 121
259 79
260 77
261 56 87 144
262 28
263 19 73 87
264 121
265 28 87 106
266 77
267 82
268 58 191
269 79 87
270 79
271 79 87
273 86 87
274 53 56 75 82 106 191
275 105 121
276 87
277 87
278 53 56 79 87
279 79 87
280 28 58 86
281 56 172
282 58 86 105
284 5
285 87 88 124
286 77
287 106 172
288 53
289 5
291 11 19 27 28 32 38 47 49 56 87 88 95 102 103 106 111 118 119 121 131 145 156 158 166 181 183
292 28 31 56 79
294 77
295 182
296 56
297 134
298 8 86 87 88 106 145
299 182
301 77
302 105 182
303 87
306 87
307 28 87
308 19 23 28 38 56 70 88 100 101 106 119 150 151 160 180 181 185 192
309 86
310 28 87 105 121 182 191
311 95
312 28 166
313 58
314 42 63 140 161
315 87
316 31
317 191
318 77
319 53 79
321 82
322 28
323 28 86 121
324 87
325 42 140
326 58
327 58 87 105
328 58 105 121
329 87 144
330 82
331 0 1 2 4 6 13 15 18 20 21 22 24 29 36 37 39 41 43 48 51 54 55 60 65 67 69 71 76 91 92 93 94 99 107 112 113 115 116 120 122 126 127 136 142 143 146 147 148 149 155 159 162 164 170 171 172 175 179
332 87
333 88 144
335 82
336 86 182
337 31 79 87
339 28
340 87
341 105 121
342 173
343 28 87 88
344 23 28 38 62 66 70 87 89 118 124 132 134 145 151 165 191
345 56 87
346 77
347 87
348 28 56 87
349 77
350 56 87
351 86
352 56 87 186
353 58 87
354 87
355 79
356 28 53 87
357 86 87
358 79
359 28 56
360 87
361 77
362 77
363 87
364 77
365 56
366 28
368 158
369 53 56
370 87
371 28 56 87 144
372 87
373 58 191
374 53 87 144
375 77
376 87
377 87
378 58 121 191
379 87
380 87
381 58 105
382 86 87
383 11 19 28 87 88 96 106 130 145 156 165 167 169 181 191
384 86 87 88 106
385 87
386 63
387 58 86
388 82
390 87
391 87
392 28 140 161
393 87
394 82
395 77
396 87
397 28
398 121
399 121
400 58 121 182
401 79
402 3 12 19 23 32 33 50 56 59 61 81 85 86 87 88 102 135 174 176 178 190
403 79
404 28
405 182
406 42 63 161
407 28 31 56 79 87 173
408 181 191
409 77
410 186
411 58 121 182
414 44 87 88 193
415 87 88 106 121
416 87
417 58 105 182
418 42 140 161
419 49 82
420 87
421 28
422 58 105
423 87 105 121 182
424 105
426 87 186
427 86 191
428 58 105 191
429 77
430 58 105
431 87
432 58 182
433 27 28 38 57 87 90 144 145 151 158 166 181
434 105 121 182 191
437 0 4 6 13 18 20 21 24 29 34 36 37 41 43 48 51 54 55 60 68 76 91 92 93 99 104 107 113 115 116 120 122 126 133 136 142 143 146 147 148 149 153 154 159 162 163 171 172 175 177 179
438 53 87
440 87 88 106
441 137
442 42 140 161
444 53 86 87 124
445 182
446 77
449 77
450 56
451 87
452 53 87
453 38 53 87 106 186
454 19 28 38 53 56 70 84 106 118 124
455 28 38 74 87 97 103 106 111 118 125 134 141 145 151 158 166 168 180 191
