0 28 58 121
1 106
2 87 124
3 23 87 110 150 191
4 58 105 182
5 173
6 28
7 82
8 77
9 79 86 87
11 38 56 86 87
12 87 186
13 19 38 79 86 95 191
15 79 87
16 82
17 42 63 140 161
18 28
19 77
20 82
21 28
22 28 56 158
23 182 191
24 56 86 186
25 87
26 28 87
27 56 173
28 58
29 53 87
30 86
31 105
32 42 63 140 161
34 53 86
35 28
36 28
37 53 87
39 53 87
40 77
41 82
42 5
43 87 182
44 82
45 28 53 56 87 181
46 87
47 173 186
48 87
49 56
50 87
51 79 87
52 86 87
53 182
54 63 140 161
56 77
57 28 121
58 77
59 79 87
60 53 87
61 87
62 28
63 77
64 5
66 28 186
67 42 63 140 161
68 46 87 123
70 53 56
71 28 79 86
72 121 182
73 19 28 33 35 70 79 87 88 134 145 150 180 191
74 79
75 121 182
76 28 105
77 19 70 79
78 79 87 144
79 86 87
80 28 58 86 105 182
82 56 79
83 87
84 121
85 87
86 56 79 87
87 191
88 77
89 56 86
90 56
91 53 56 82 87
92 87 109
93 28
94 53 86 87
95 5
96 22 26 28 56 83 87 92 152 166 189 191
97 87 106
98 58 121
99 87
100 82
101 53 87
102 79
103 28 87
104 28 56 87
105 82
106 0 1 2 4 6 13 20 21 22 24 34 39 41 43 48 51 55 60 65 67 68 69 71 91 92 93 94 99 104 107 112 113 115 116 120 122 126 127 133 136 139 142 143 146 147 148 149 153 154 155 162 163 164 170 172 175
108 134
109 82
111 56 63 87 161
112 79 87 186
113 58 105 121 191
114 77
115 87
116 87
117 77
118 28 191
119 56 87
120 58 105 121
121 58 121
122 87
123 87
124 79 87
125 53 86
126 77
127 42
128 87
129 28
131 28 87
132 95
133 28
134 28
135 56 87 186
137 79 87
138 79
139 87
140 77
141 56 87
142 28
143 42 63 140 161
144 58 182
145 58 121
146 28
147 79 87
148 121
149 56 87
150 58 182
151 87
152 11 46 53 87 150 156 180 191
153 79 106
154 87
155 28 56 87 181
156 58 121
157 28 56
158 58 105 121
160 77
161 53
162 87
163 121 182
165 58 105
167 56 87
168 82
169 19 53 56 85 145 191
170 0 1 2 4 13 20 22 24 28 29 34 37 39 43 45 48 51 54 55 60 65 67 68 69 72 76 79 92 93 99 107 113 115 120 122 127 133 136 139 142 147 148 153 154 155 159 162 163 170 171 175 177 179
171 77
172 42 140 161
173 19 28 191
174 191
175 28 140
176 58
177 28 117 191
178 77
179 42 63 87 161
180 9 19 70 158
181 87
182 87
183 28 56 87
185 82
186 53 82 87 106 129
187 58 105
188 5
189 56 87
190 87 95
191 87
192 77
193 58 121
194 28 87 95
195 58 121
196 87
197 56 87
198 16 53 87
199 53
200 28 56
201 0 1 2 4 6 13 18 20 21 22 24 29 34 37 39 43 45 48 54 55 65 67 69 71 72 91 92 93 94 99 104 107 112 113 115 116 120 122 127 133 136 142 143 146 147 148 149 154 159 162 170 171 177 179
203 56 87
204 44 106
205 56 79 87
206 87
207 28
208 87
209 87
210 79
211 79 87
212 58 86 87 105
213 28 86 87
214 121
215 87
217 28
218 87
219 158
220 77
221 86 87
223 28 56 87 186
224 53 87
225 82
226 28 86
227 87
228 42 161
230 28 121 191
231 79 87
232 58
233 87
234 121 182
235 56 87
236 14 19 30 35 38 70 78 85 98 118 119 134 141 144 151 156 180 181 188 191
237 28 53 56 87
238 79 87
239 184
241 19 28 56 70 85 88 90 103 106 119 121 131 134 150 160 191
242 77
243 144
244 58 86 182
245 87 191
246 56 87
247 42 63 140
248 87
249 86 87
250 77
251 77
252 19 28 38 40 87 88 106 118 124 144 145 158 165 181 191
253 58 121 182
254 28 105 121
255 56 87
256 87
257 121
259 79
260 77
261 144
262 28
263 19
264 58 121
265 28 106
266 77
267 82
268 58 191
269 79 87
270 28
271 79 87
272 28
273 86 87
274 53 75 82 87 181 191
275 105 121 182
276 53 87
277 28
278 56 79 87
279 79 87
280 58 86
281 56 88 172
282 86 105
283 79
285 87 88 124
286 77
287 106 172
288 53 87
289 5
290 87
291 11 19 27 28 38 47 49 56 70 85 87 103 106 111 114 118 119 121 124 125 131 145 150 156 165 180 181 191
292 28 31 56 87
293 77
295 182
296 56
297 134
298 8 86 87 106 145
299 182
300 82
302 105 182 191
303 87
304 64 87
305 79
306 88
307 28 87
308 19 23 28 56 80 85 87 88 101 102 106 119 150 151 160 166 180 181 185 191 192
309 86
310 87 105 121 191
311 19 95
314 140 161
315 87
316 31
318 77
319 53
320 87
321 82
323 28 86
324 87
325 63 140 161
326 58 105
327 58 87 105
328 58 105
329 56 87 144
331 1 2 6 15 20 22 24 29 34 36 39 41 43 45 51 55 60 65 67 68 69 71 72 76 91 92 93 94 99 104 107 112 113 115 116 122 126 127 133 136 139 142 143 147 148 153 154 155 159 163 170 171 172 177 179
332 19 70 87
333 88
334 87
336 86 182
337 31 79 87
338 82
339 28
340 86 87
341 105 121
342 173
343 28 87
344 19 38 62 66 87 88 89 105 118 124 132 134 145 151 165 166 191
345 87 186
346 77
348 56
349 77
350 87
351 86
352 56 87 186
353 58
354 53 87
355 79
356 28 53 56
357 87
358 106
359 28 56
360 87
361 77
362 77
363 87
364 77
365 56
366 28 87
367 53 87 166
368 158
369 53 56 87
370 87
371 28 56 87 124 144
373 58 191
374 53 87 144
375 77
376 87
378 58 121 191
379 87
380 87
381 58 105
382 87
383 11 27 28 38 87 88 106 130 156 165 167 169 181 191
384 88 106
385 87
387 86
388 82
389 82
391 87
392 63 161
393 87
395 77
396 87
397 28 105
398 121
399 105 121
400 28 121 182
401 79
402 3 12 17 19 28 32 56 81 85 88 102 138 187 190
404 28
405 182
406 42 63 161
407 28 56 87 173
408 181 191
410 87
411 28 58 121 182
412 53 56
413 79
414 44 87 88 190 193
415 87 88 106 121
416 87
417 58 182
418 63 140 161
419 49 82
420 87
422 105
423 58 86 105 121 182
424 105 121
425 77
426 56 87
427 86 87 191
428 58 105 191
429 77
430 58
431 56 87
432 58 182
433 27 28 38 57 87 88 106 125 134 145 150 151 158 166 181 183
434 58 105 121 191
435 79
436 105
437 0 1 2 4 13 15 18 20 21 22 29 34 36 37 39 41 43 45 48 54 55 60 65 67 68 69 71 72 76 91 92 93 94 99 104 112 113 115 116 120 122 126 127 136 139 142 143 146 147 148 149 153 154 155 159 162 164 170 171 177 179
438 53
439 86 121
440 87
441 137
442 63
443 79
444 53 86 87 124
445 182
447 87
448 77
449 77
450 56 87
451 87
452 53 87
453 38 53 87 88 106 186
454 19 28 38 53 56 118 124 180
455 11 19 28 40 52 74 87 97 103 106 111 128 134 141 145 150 158 166 168 180 191
