0 58 121 191
1 106
2 87 124
3 19 87 110 150
4 105
5 88
6 28
7 82
8 77
9 56 79 86 87 144
10 28
11 38 56 86 87
12 87 186
13 19 38 70 79 86 95 191
14 87
15 79 86 87
16 82
17 42 63 140
19 77
20 82
21 28
22 56 191
23 182 191
24 56 87
26 28
27 31 173
28 58
29 53 87
30 53 86
31 105
32 42 63 140
33 87
34 53 86
35 56 87
36 28 87
37 28 87
38 79
39 53 87
40 77
41 82
42 5
43 87 182 191
44 82
45 28 56 87 181
46 87
47 56
48 53 87
49 56
50 87
51 79
52 86
53 182
54 42 140
55 87
56 77
57 28 121
58 77
59 79 87
61 79 87
62 28
64 5
65 77
66 28 186
67 42 140
68 46 123
69 87
70 56
71 28 79 86
72 121
73 19 28 33 35 79 108 134 145 150 181 191
74 56 74 79 87
75 121 182
76 105
77 19 56
78 144
79 56 86 87
80 58 105 182
81 77
82 79
83 87
84 105
85 87
86 56 79 87
87 191
88 77
89 86 87
90 56 87
91 53 56 64 82 87
92 87 109
93 28
94 53 87
95 5
96 7 10 22 26 28 56 67 83 87 92 93 145 152 157 176 189 191
97 53
98 58 105 121
99 87
100 82
101 87
103 87
104 56 82
106 0 1 2 4 6 13 15 18 21 22 24 29 34 36 37 39 41 43 45 48 51 54 55 60 65 67 71 72 76 91 92 93 99 104 113 115 116 120 122 127 133 136 142 143 146 147 154 159 162 163 164 170 171 172 175 177 179
107 87
108 134
110 87 144
111 42 56 63 79 140 161
112 53 79 87
113 58
114 77
115 87
118 28 87 191
119 56 87
120 58 105 121 182
121 58 121
122 56 87
123 87
124 79 87
125 53 86 87
127 42
128 87
129 28
130 77
131 56 87
132 95
133 28
134 121
135 56
136 28
137 87
138 79
139 87
140 77
141 56
142 28
143 42 140
144 58 182
145 58 121
146 28
147 79 87
148 121
149 56 87
150 58 182
151 87
152 11 46 53 156 180 191
153 53 87
154 53
155 28 106 181 191
156 58 105 121
157 28 53
158 58 105 121
159 134
160 77
161 53
162 87
163 58 121
164 87
165 58 182
166 182
167 56 87
168 82
169 19 28 53 56 85 191
170 0 1 2 6 13 15 18 21 22 24 29 34 36 37 41 43 45 51 54 55 65 69 71 72 76 79 91 92 93 94 99 104 112 113 116 120 122 126 127 133 136 139 142 143 146 147 148 149 153 155 162 163 164 171 172 175 179
171 77
172 42 63 140 161
173 19 28 70 191
174 158 191
175 28 140
176 58
177 28 117 191
178 77
179 63 87 140
180 19 70 141
181 87
182 87
183 56 87
184 5
185 82
186 53 56 87 88 106 129 134
187 58 105
188 5
189 56 87
190 87 95
191 28 87
192 77
193 58
194 28 87 95
195 121 182
196 87
197 56 87
198 16 53 87
199 53 87
200 28 56
201 1 4 13 15 18 20 21 22 29 36 39 41 43 45 48 51 60 65 67 68 69 76 91 92 93 94 99 104 107 112 113 115 116 120 122 126 127 133 139 142 143 146 147 148 149 153 154 155 163 164 170 171 172 175 177 179
202 28 87
203 56
204 28 88 119
205 79
207 28
208 28 87
209 87
211 79 87
212 86 87 105 191
213 28 86 87 144
214 58 121
215 87
216 87
217 28
219 158
220 77
221 86
222 140
223 87 186
224 53
226 86 182
227 87
228 63 140
229 79 87
230 28 58 86 191
231 28 79 87
233 87
234 58 121
235 56 87
236 25 27 28 35 38 58 70 87 88 98 118 119 134 141 144 145 150 151 156 180 181 191
237 28 53 56
238 79 87
239 184
240 77
241 19 28 38 40 56 70 87 88 90 106 119 121 131 134 145 150 160 166 191
242 77
243 144
244 58 86
245 87 191
246 56 87
247 42 63 140 161
249 86 87
250 77
251 77
252 19 28 38 40 87 88 106 118 124 145 181
253 58 121
254 28 105 121
255 56 87
256 87
257 58 86 121
258 87 121
259 79
260 77
261 56 87
263 19 73 87
264 58 121
265 87 106
266 77
267 82
268 191
269 79 87
270 28 79
271 79 87
272 28
273 86
274 53 56 87 106 181
275 182
276 53 87
277 28 87
278 53 56 79
279 79
280 28 86
281 56 88 172
282 58 105
283 79
284 5
285 124
286 77
287 106 172
288 53 87
289 5
290 87
291 11 19 27 28 32 47 70 85 88 95 102 103 106 111 114 118 119 121 124 125 131 145 150 156 158 165 166 180 183 191
292 28 56 79 87
293 77
294 77
295 182
296 56
298 8 87 88 106 145
299 182
300 82
301 77
302 105 191
304 64 87
305 79
306 87 88
307 28 87
308 23 38 70 80 85 87 88 100 101 102 106 119 151 160 166 180 181 191 192
309 86
310 28 87 105 182
311 19 95
312 28 166
313 58
314 42 63 140 161
315 87
317 191
318 77
319 53 79
320 87
321 82
322 28
323 28 121
324 87
325 42 63 140 161
326 105
327 87
328 58 105 121
329 56
330 82
331 0 4 6 13 18 20 21 29 34 36 37 39 41 45 48 51 54 55 65 68 71 72 76 92 104 107 113 115 116 120 122 126 133 136 139 142 146 148 149 153 154 155 159 162 163 164 175 177 179
332 19 70
333 88 144
334 87
335 82
336 182
338 82
340 86 87
343 28 87 88
344 19 23 28 38 62 66 70 87 88 89 105 124 132 145 151 165 166
345 56 87 186
346 77
347 87
348 28 87
350 56 87
352 56
353 58 87
354 53
355 79
356 28 56 87
357 86 87
358 79 106
359 28 56
362 77
363 87
366 28 87
367 53 87 166
369 56 87
371 28 56 87 124 144
372 87
374 144
375 77
377 87
378 58 121 191
379 87
381 58 105
382 86
383 19 27 28 38 87 88 96 106 130 145 169 181
384 86 87 88 106
385 87
386 63
387 58 86
388 82
389 82
390 87
391 87
392 28 63 140 161
393 87
394 82
397 28 105
398 121
399 105 121
400 28 58 121 182
401 79
402 3 12 17 19 23 28 32 33 50 56 59 61 81 85 86 87 88 102 135 138 174 176 178 187 190
403 79
404 28
405 182
406 63 161
407 31 56 79 87 173
408 181
409 77
410 87 186
411 28 121 182
412 53 56
413 79
414 44 88 190
415 87 106 121
416 87
417 58 105 182
418 42 63 140 161
419 49 82
420 87
421 28
422 58 105
423 58 86 87 105
424 105 121
425 77
426 56 186
427 86 87 191
428 58
429 77
430 58 105
431 56 87
432 182
433 27 28 38 57 87 88 90 106 125 134 144 150 151 158 166 181 183
434 58 105 121 182 191
435 79
436 105
437 0 1 2 4 6 15 18 20 21 22 24 34 36 39 41 45 48 51 54 55 60 65 67 68 69 71 72 76 91 92 94 99 107 112 115 116 120 127 133 136 139 142 146 153 154 155 162 163 164 170 171 172 175
438 53 87
439 86 121
440 87 88 106
441 137
442 42 63 140 161
443 79
444 53 86 87
445 182
446 77
447 87
448 77
450 56 87
451 87
452 87
453 38 53 87 88 106 186
454 38 56 70 84 106 118 124 180
455 11 19 28 38 40 52 74 87 103 106 111 118 125 128 134 141 150 151 158 166 180
