0 28 58 191
1 106
2 87
3 19 23 87 110 191
4 58 105 182
5 88 173
7 82
9 56 79 86 144
10 28
11 56 86 87
12 87 186
13 19 38 70 95 191
14 87
15 79 86 87
16 82
17 42 140 161
18 28
19 77
21 28
22 28 56 158 191
23 182 191
24 56 86 87 186
25 87
26 28 87
27 31 56 173
28 58
29 53 87
30 53
32 63 140 161
33 87
34 53 86
35 28 56 87
36 28 87
37 28 53 87
38 79
39 87
40 77
43 87 191
45 28 53 56 87 181
46 87
47 56 173 186
48 53
49 56
51 79 87
52 86 87
53 182
54 42 63 140 161
55 87
56 77
57 28
58 77
59 79 87
60 53 87
61 79 87
63 77
64 5
65 77
66 28 186
67 42 63 140 161
68 46 87
69 87
70 53
71 28 79 86
72 121 182
73 19 28 33 70 79 87 88 108 134 145 150 180 181
74 56 74 79 87
75 121
76 28
77 19 56 70 79
78 79 87 144
79 56 86 87
80 28 58 86 105 182
81 77
82 56
83 87
84 105 121
85 87
86 56
87 191
88 77
89 56 86 87
90 87
91 53 64 82
92 87 109
93 28
94 53 86
96 7 10 28 56 67 83 92 93 145 152 157 166 176 189 191
97 53 87 106
98 58 105 121
99 87
100 82
101 53 87
102 79
103 28 87
104 28 82 87
105 82
106 0 2 4 15 18 20 21 22 24 29 34 36 37 39 41 45 48 54 60 65 68 69 72 76 91 93 94 99 104 107 112 120 122 126 127 133 136 139 142 148 149 153 154 155 159 163 164 171 172 175 177 179
107 87
109 82
110 87 144
111 42 56 79 87 140 161
112 53 87 186
113 58 105 121 191
114 77
116 87
117 77
118 28 87
119 56 87
120 58 105 182
121 58 121
122 56 87
124 79
125 53 87
126 77
127 42
128 87
129 28
130 77
131 28 56 87
132 95
134 28 121
135 56 87 186
136 28
137 79 87
139 87
141 56 87
143 42 63 140 161
144 58
145 58 121
146 28
149 87
150 58
151 87
152 11 46 87 150 156 191
153 53 79 87 106
154 53 87
155 56 87 106 181 191
156 58 105 121
157 28 53 56
158 58 121
159 134
160 77
161 53
162 87
163 58 182
164 87
165 58 105 182
166 182
168 82
169 28 56 145 191
170 1 2 4 6 13 15 18 20 21 28 29 34 36 37 39 41 43 48 51 54 60 67 68 69 71 72 76 91 92 93 94 104 107 112 113 115 116 120 122 126 133 142 143 146 148 149 153 154 155 159 163 164 170 171 172 177 179
171 77
172 42 63 140 161
173 19 28 70 191
174 158
175 28 140
176 58
177 117
179 42 87 140 161
180 9 70 141 158
181 87
182 87
183 28
184 5
186 53 56 82 88 106 129 134
187 58
188 5
189 56
190 87 95
191 28
193 58 121
194 87
195 58 121 182
196 87
197 56 87
198 16 53 87
199 87
201 0 2 6 13 15 18 20 21 22 24 29 34 36 37 39 41 45 48 51 54 55 60 67 68 71 72 76 91 93 94 99 112 113 115 116 120 122 126 127 133 136 139 143 146 147 148 149 153 154 155 159 162 163 164 170 171 172 175 177
202 28 87
203 56 87
204 28 44 88 106 119
205 56 79 87
206 87
207 28
208 28
209 87
210 79
211 79 87
212 58 86 87 105 191
213 86 144
214 58
216 87
218 87
221 86 87
222 140
223 28 56 87 186
224 53 87
225 82
226 28 86 182
228 42 63 140 161
229 79 87
230 58 86 121
231 28 79 87
232 58
233 87
234 58 182
235 56 87
236 14 19 25 27 28 30 35 58 70 78 85 87 88 98 118 134 144 145 150 151 180 181 188
237 28 53 56 87
239 184
240 77
241 19 38 40 85 87 90 103 106 121 131 145 166 191
242 77
243 144
244 58 182
246 56
247 42 63 140 161
248 87
250 77
251 77
252 19 38 88 106 144 145 158 165 191
253 58 182
254 105 121
255 56 87
256 87
257 58 86 121
258 87 121
259 79
260 77
261 56 87 144
262 28
263 19 73 87
264 58
265 28 87
266 77
267 82
268 58 191
269 79 87
270 28 79
271 79
272 28
273 86 87
274 53 56 75 82 87 106 181 191
275 105 121 182
276 53 87
277 28 87
278 53 56 79 87
279 87
280 28 58 86
281 56 88
282 58 86
283 79
284 5
285 87 88
287 172
288 87
289 5
290 87
291 11 32 38 49 56 70 85 87 88 95 102 103 106 111 114 118 119 124 125 131 145 150 158 165 166 180 181 183 191
292 31 79 87
293 77
294 77
296 56
297 134
298 8 86 88 145
300 82
301 77
302 105 182 191
303 87
304 64 87
305 79
306 87 88
308 19 23 28 38 56 70 80 85 87 100 102 106 150 160 166 180 181 185 191
310 28 105 121 182 191
311 19
312 28 166
313 58
314 42 63 140
316 31
317 191
319 53 79
320 87
321 82
322 28
323 86 121
324 87
325 42 63 161
326 58 105
327 58 105
328 121
329 56 87 144
330 82
331 0 1 2 4 13 15 18 20 21 22 24 29 34 36 37 41 43 45 48 54 55 60 67 68 69 71 72 91 92 93 94 99 104 107 112 113 116 120 127 133 136 139 142 143 146 147 148 149 153 154 155 159 162 163 164 170 171 172 175 177
332 19 70 87
333 144
334 87
335 82
336 86
337 31 79 87
338 82
339 28
340 86
341 105 121
342 173
343 87 88
344 19 23 28 38 62 70 88 89 105 118 124 132 134 145 166 191
345 56 87 186
347 87
348 28 56 87
349 77
350 56
351 86
352 56 87 186
353 87
354 53 87
355 79
356 53 56 87
357 86 87
358 79 106
360 87
361 77
362 77
364 77
365 56
366 28 87
367 53 87 166
368 158
369 53 56 87
370 87
371 56 87 124
372 87
373 58 191
374 53 87 144
376 87
377 87
378 191
379 87
380 87
382 86 87
383 11 19 27 28 38 96 145 156 165 167 181 191
384 86 87 88
385 87
386 63
387 58
389 82
390 87
391 87
392 28 63 140 161
394 82
395 77
396 87
397 105
399 105
400 28 58 121 182
401 79
402 12 17 19 23 28 32 33 50 56 59 61 81 85 86 87 135 138 174 176 178 187 190
403 79
406 42 63
407 28 31 56 79 173
408 191
409 77
410 87 186
411 28 58
412 53 56
413 79
414 87 88 190 193
415 88 106 121
416 87
417 58 105 182
418 42 63 161
419 49
420 87
421 28
422 58 105
423 58 86 87 105 121 182
424 105 121
425 77
426 56 87 186
427 87
428 58 105 191
430 58 105
431 56 87
432 58
433 27 28 57 88 90 106 125 134 144 145 150 151 166 181 183
434 58 182
435 79
436 105
437 0 1 2 4 6 13 15 22 24 29 34 37 39 41 43 45 51 54 55 60 65 67 68 69 71 72 91 93 94 104 107 112 113 120 122 126 127 133 136 139 142 143 147 148 149 153 155 159 162 163 164 170 172 175 177 179
438 53 87
439 86 121
440 88 106
441 137
442 42 63 140 161
443 79
444 124
446 77
447 87
448 77
449 77
450 56 87
452 53
453 38 53 88
454 19 28 38 53 70 84 106 118 180
455 11 19 28 38 40 52 74 87 97 118 125 128 141 145 150 151 158 168 180 191
