0 28 58 121 191
1 106
2 87 124
3 19 23 87 110 150 191
4 58 182
5 88 173
6 28
7 82
8 77
9 56 86 87 144
10 28
11 38 56 87
12 186
13 38 70 79 86 95 191
14 87
15 86 87
17 42 63 161
18 28
19 77
20 82
21 28
22 28 56 158 191
23 182
24 56 86 87 186
25 87
26 87
27 31 56
28 58
30 53 86
31 105
32 42 161
33 87
35 28 56 87
36 87
37 28 53
38 79
39 53 87
40 77
41 82
42 5
43 182 191
44 82
45 28 53 87 181
46 87
47 56 173 186
48 53 87
49 56
50 87
51 79 87
52 86 87
54 42 63 140 161
55 87
56 77
57 28 121
58 77
59 79 87
60 53 87
61 79
62 28
63 77
65 77
66 186
67 42 63 140 161
68 87 123
69 87
70 53 56
71 28 86
72 121 182
73 35 70 79 87 88 108 145 180 181 191
74 56 74 87
75 182
76 28 105
77 19 56 70 79
78 79 87 144
79 56 86 87
80 28 86 105
81 77
82 56 79
84 105 121
85 87
86 79 87
87 191
88 77
89 56 86 87
90 56 87
91 56 64 87
94 53 86 87
95 5
96 7 10 22 26 28 67 87 93 145 152 157 166 176 189 191
97 53 87 106
98 58 105 121
101 53 87
102 79
103 28
104 28 56 82 87
105 82
106 1 4 6 13 15 18 20 22 24 29 34 36 37 43 45 51 54 55 60 65 67 68 69 71 72 76 91 92 94 99 104 107 112 113 115 116 120 126 127 133 139 142 143 146 147 148 149 153 155 159 162 164 170 171 172 175 177 179
107 87
108 134
109 82
110 87 144
111 42 56 63 79 87 140
112 53 79 186
113 58 105 121 191
115 87
116 87
117 77
118 87 191
119 56
120 105 121 182
121 58
122 56
123 87
124 79 87
125 53 86 87
126 77
128 87
130 77
131 28 56
133 28
134 28 121
135 87 186
136 28
137 79 87
138 79
139 87
140 77
141 56 87
142 28
143 63 161
144 182
146 28
147 79 87
148 121
149 56
150 182
151 87
152 53 87 150 180
153 53 79 87 106
154 53 87
155 28 56 87 106 181 191
156 105 121
157 53 56
158 105
159 134
163 58 121 182
164 87
165 105 182
166 182
167 56 87
169 19 28 53 85 145 191
170 0 4 6 13 15 18 20 21 22 24 28 34 36 39 41 43 45 48 51 55 60 65 67 68 69 71 72 79 91 92 93 94 99 104 107 112 115 116 120 122 126 127 133 136 139 143 146 147 148 149 154 159 162 164 170 171 172 175 177 179
171 77
172 63 140
173 70 191
174 158 191
175 28
176 58
177 28 191
178 77
179 42 63 140 161
180 9 19 70 141 158
181 87
183 28 56 87
184 5
185 82
186 56 82 87 88 106 134
187 105
188 5
189 56 87
191 28 87
192 77
193 121
194 28 95
195 58 182
197 56 87
198 87
199 53 87
200 28 56
201 0 1 2 4 6 13 15 20 22 24 34 36 37 39 41 43 45 51 54 55 60 65 67 68 69 71 72 76 92 93 104 107 113 115 120 126 136 139 142 146 149 153 154 155 159 162 163 164 170 171 172 175 179
202 28 87
203 56 87
204 28 44 88 106 119
205 56 79 87
206 87
208 28 87
209 87
210 79
211 87
212 58 87 191
213 28 86 87 144
214 58 121
215 87
216 87
217 28
218 87
219 158
220 77
221 87
222 140
223 28 56 186
224 87
225 82
226 28 86 182
227 87
228 42 63 140 161
229 79 87
230 28 58 86 121 191
231 28 87
232 58
233 87
234 58 121 182
236 14 19 25 27 28 30 35 38 58 78 85 87 88 119 141 145 150 156 180 188 191
237 28 53 87
238 79 87
239 184
240 77
241 19 28 38 40 56 70 85 87 88 103 106 119 121 131 134 145 150 160 166 191
243 144
244 58 86 182
245 87 191
246 56 87
247 63 140 161
248 87
249 86 87
252 19 28 40 87 88 106 118 124 144 145 158 165 181 191
253 58 121 182
254 28 105 121
255 87
256 87
257 58 86
258 87 121
261 56 87 144
262 28
263 73 87
264 58 121
265 28 87 106
268 58
270 28 79
271 87
272 28
273 87
274 56 75 82 87 106 181 191
275 105 121 182
276 53
277 28 87
278 53 87
279 79 87
280 28 58
281 88 172
282 58 86 105
283 79
284 5
285 87 88 124
286 77
287 106
288 53 87
290 87
291 19 27 28 32 38 47 49 56 70 85 87 88 95 102 114 121 124 125 150 156 158 165 166 180 181 183 191
292 28 31 56 79 87
293 77
294 77
295 182
297 134
298 86 87 88 106
299 182
300 82
301 77
302 182 191
303 87
304 64 87
305 79
306 87 88
307 28 87
308 19 28 38 56 70 80 85 87 88 100 101 102 119 150 151 166 185 191 192
309 86
310 28 87 121 182 191
311 19 95
312 28 166
313 58
314 42 63 161
315 87
316 31
317 191
318 77
319 79
320 87
322 28
323 28 86 121
325 42 63 140 161
326 58 105
327 58 87 105
328 58 105 121
329 56 87 144
330 82
331 0 1 2 4 6 13 15 18 21 22 24 34 37 39 43 45 48 51 54 60 65 67 68 69 72 76 91 93 94 99 104 112 115 120 122 126 127 133 139 143 146 147 149 153 154 162 163 164 170 171 172 175 177 179
332 19 70 87
333 88 144
334 87
335 82
336 86 182
337 31 79 87
338 82
339 28
340 86 87
341 105 121
342 173
343 28 88
344 19 23 28 66 70 87 88 105 118 134 151 165 166 191
345 56 186
346 77
347 87
348 28 56 87
349 77
350 56 87
351 86
352 87 186
353 58 87
354 53 87
356 28 53 56 87
357 86
358 79 106
359 28 56
360 87
361 77
363 87
364 77
365 56
366 87
367 53 87 166
368 158
369 53 87
370 87
371 28 124 144
372 87
373 58 191
374 53 87
375 77
376 87
377 87
378 58 121
380 87
381 58 105
382 86 87
383 11 19 27 38 87 88 96 106 130 145 156 165 167 169 191
384 86 87 106
386 63
387 58 86
388 82
389 82
390 87
392 28 63 140
393 87
394 82
395 77
396 87
397 28 105
398 121
399 105 121
400 28 58
402 3 17 23 28 33 50 59 61 86 87 88 102 135 138 174 176 178 187
403 79
404 28
405 182
406 42 161
407 28 31 79 87
408 181 191
409 77
410 87 186
411 28 58 121 182
412 53 56
413 79
414 44 87 190 193
415 87 88
417 105
418 42 63 140
419 82
421 28
422 58
423 58 86 87 121 182
424 121
425 77
426 56 87 186
427 86 87 191
428 105 191
429 77
430 105
431 56
432 58 182
433 38 87 88 90 106 125 134 144 145 150 158 183
434 58 105 121 182 191
435 79
436 105
437 1 2 6 13 15 18 20 21 22 24 29 36 37 39 43 45 48 51 65 67 69 71 72 76 92 93 94 99 104 107 112 113 115 116 122 126 127 133 139 143 146 147 148 149 154 155 159 163 164 170 171 172 175 177 179
438 87
439 86 121
440 87 88 106
442 42 63 140 161
443 79
444 53 86 87 124
445 182
446 77
447 87
448 77
449 77
450 87
451 87
452 53 87
453 87 88 106 186
454 19 28 53 56 70 84 106 124 180
455 11 19 38 40 52 97 103 106 111 118 125 128 134 145 150 151 166 168 191
